Índices de Ventas de Inmuebles en Córdoba
Cámara Empresarial de Desarrollistas Urbanos de Córdoba (CEDUC)
Elaborado por Economic Trends S.A. para la CEDUC
Córdoba, 22 de julio de 2026 — Datos al 30 de junio de 2026

SINTESIS (control para el parser)
Indice de ventas no financiadas  Jun-25 27.8  Jun-26 23.7  Interanual -14.8  3m/3m 25.8
Indice de ventas financiadas     Jun-25 28.5  Jun-26 14.6  Interanual -48.8  3m/3m -19.4
Indice de ventas totales         Jun-25 28.3  Jun-26 17.2  Interanual -39.1  3m/3m -7.4

Series originales (con estacionalidad) - Octubre de 2011 = 100
Mes | NoFin: Deptos Cocheras Lotes Indice | Fin: Deptos Cocheras Lotes Indice | Total: Deptos Cocheras Lotes Indice
May-10 168.21 - - - 58.84 - - - 84.32 - 77.13 79.23
Jun-10 148.87 - - - 75.91 - - - 94.13 61.11 122.59 96.50
Jul-10 128.06 - - - 89.70 - - - 100.54 96.76 90.61 98.97
Aug-10 161.19 - - - 84.46 - - - 103.72 157.87 77.40 102.67
Sep-10 141.82 - - - 84.06 - - - 99.10 95.23 85.28 96.98
Oct-10 146.81 - - - 67.75 - - - 87.50 92.96 108.54 90.70
Nov-10 174.46 - - - 88.04 - - - 109.87 77.09 47.93 99.64
Dec-10 205.13 - - - 94.76 - - - 122.53 151.84 134.50 125.62
Jan-11 121.05 - - - 56.53 - - - 72.76 86.43 75.75 73.84
Feb-11 129.98 - - - 50.33 - - - 70.18 137.40 77.98 74.53
Mar-11 113.57 - - - 61.32 - - - 75.08 73.13 119.82 81.23
Apr-11 107.32 - - - 63.23 - - - 75.14 48.76 88.13 75.67
May-11 113.49 - - - 86.22 - - - 94.12 97.51 89.38 93.62
Jun-11 99.86 - - - 51.55 - - - 64.39 101.94 83.13 68.83
Jul-11 115.34 - - - 61.04 - - - 75.48 86.43 83.75 77.16
Aug-11 104.94 - - - 66.92 - - - 76.55 86.43 69.38 76.03
Sep-11 155.62 - - - 96.81 - - - 111.84 74.51 98.13 108.11
Oct-11 100.00 100.00 100.00 100.00 100.00 100.00 100.00 100.00 100.00 100.00 100.00 100.00
Nov-11 96.70 89.74 122.22 103.58 93.14 80.56 198.41 100.79 93.94 85.33 151.85 101.60
Dec-11 97.53 60.64 237.37 135.32 75.39 88.89 38.10 72.98 80.31 74.20 159.88 91.12
Jan-12 58.77 65.49 102.02 72.03 46.84 127.78 266.67 66.33 49.50 95.39 166.05 67.99
Feb-12 71.90 87.32 86.87 77.62 56.23 127.78 223.81 71.41 59.72 106.74 140.12 73.22
Mar-12 101.87 82.72 121.21 105.88 61.89 61.11 312.70 81.07 70.78 72.35 195.68 88.29
Apr-12 65.38 68.94 84.85 71.39 89.09 94.44 193.65 97.28 83.82 81.18 127.16 89.74
May-12 90.74 66.64 130.30 100.25 86.97 105.56 165.08 93.56 87.81 85.32 143.83 95.51
Jun-12 97.38 48.25 66.67 84.12 61.13 113.89 84.13 64.62 69.19 79.76 73.46 70.30
Jul-12 87.93 59.74 88.89 85.77 110.16 175.00 123.81 113.33 105.22 115.07 102.47 105.31
Aug-12 104.70 96.51 91.92 100.25 79.23 177.78 120.63 85.64 84.90 135.52 103.09 89.89
Sep-12 78.20 96.51 83.84 81.44 89.75 250.00 115.87 97.01 87.18 170.18 96.30 92.48
Oct-12 102.99 128.68 82.83 99.30 91.71 213.89 74.60 94.41 94.22 169.58 79.63 95.83
Nov-12 86.84 52.85 139.39 99.30 104.72 186.11 49.21 103.14 100.75 116.82 104.32 102.03
Dec-12 71.62 85.57 79.80 75.22 90.55 155.56 93.65 92.92 86.34 119.16 85.19 87.77
Jan-13 62.41 42.78 62.63 60.77 86.99 238.89 100.00 92.97 81.53 136.91 77.16 83.60
Feb-13 69.29 37.75 72.73 67.57 70.20 175.00 84.13 74.70 70.00 103.63 77.16 72.63
Mar-13 78.86 60.40 84.85 79.01 53.55 161.11 280.95 74.49 59.17 108.74 161.11 75.80
Apr-13 64.75 42.78 63.64 62.52 53.59 161.11 106.35 61.15 56.07 99.58 80.25 61.55
May-13 92.16 103.18 147.47 109.32 64.50 100.00 253.97 80.17 70.65 101.66 188.89 88.65
Jun-13 75.40 76.73 84.85 78.28 41.64 100.00 285.71 62.24 49.15 87.90 162.96 66.91
Jul-13 67.43 89.96 108.08 81.29 56.67 283.33 398.41 90.27 59.06 182.78 220.99 87.66
Aug-13 63.71 277.80 145.45 106.21 47.06 80.56 487.30 81.86 50.76 183.12 278.40 88.95
Sep-13 55.45 113.77 154.55 89.54 63.12 66.67 346.03 84.90 61.41 91.16 229.01 86.25
Oct-13 72.43 89.96 234.34 121.40 55.09 336.11 200.00 75.40 58.94 208.11 220.99 88.79
Nov-13 72.62 134.93 103.03 86.93 61.80 108.33 265.08 78.89 64.21 122.17 166.05 81.23
Dec-13 90.49 89.96 115.15 97.67 33.14 66.67 77.78 37.66 45.89 78.78 100.62 55.13
Jan-14 53.37 44.98 111.11 69.56 39.77 72.22 214.29 54.20 42.80 58.06 151.23 58.67
Feb-14 54.73 153.45 84.85 72.11 36.71 55.56 111.11 43.03 40.72 106.46 95.06 51.49
Mar-14 43.35 48.46 62.63 49.44 29.43 27.78 250.79 46.32 32.53 38.53 135.80 47.23
Apr-14 39.30 80.76 66.67 50.91 23.51 19.44 252.38 40.90 27.02 51.33 138.89 43.81
May-14 56.52 91.53 102.08 72.91 33.73 38.89 303.17 54.53 38.80 66.26 180.29 59.88
Jun-14 42.25 91.53 169.79 83.89 25.21 41.67 380.95 52.99 29.00 67.60 251.91 61.98
Jul-14 41.62 48.46 111.46 62.68 32.45 55.56 376.19 59.53 34.49 51.87 214.41 60.44
Aug-14 39.30 29.61 122.92 62.97 27.52 47.22 211.11 42.23 30.14 38.07 157.21 48.26
Sep-14 64.06 83.46 458.61 181.37 21.30 16.67 325.40 44.43 30.81 51.40 406.81 84.28
Oct-14 62.14 45.77 115.69 76.42 23.24 36.11 226.98 39.26 31.89 41.13 158.97 50.08
Nov-14 43.36 40.38 104.32 60.97 5.35 33.33 71.43 11.33 13.81 37.00 91.53 25.78
Dec-14 50.06 35.00 104.32 64.66 11.62 30.56 130.16 21.32 20.17 32.87 114.37 33.93
Jan-15 70.97 26.25 55.29 62.50 11.44 38.89 52.38 15.47 24.68 32.32 54.16 29.16
Feb-15 54.31 87.50 71.98 62.36 27.16 16.67 71.43 30.20 33.20 53.50 71.77 39.56
Mar-15 56.10 183.19 74.07 72.37 39.27 25.00 31.75 38.22 43.01 107.26 57.61 48.16
Apr-15 35.19 51.95 189.87 81.98 20.00 30.56 42.86 22.10 23.38 41.68 132.70 39.52
May-15 44.75 60.15 257.68 108.49 26.65 25.00 58.73 29.05 30.68 43.28 180.31 52.17
Jun-15 81.15 155.85 302.54 152.50 27.32 11.11 61.90 29.44 39.29 86.38 208.96 65.25
Jul-15 43.30 49.22 181.52 84.32 30.73 27.78 76.19 34.11 33.52 38.93 140.56 48.73
Aug-15 42.77 139.45 167.96 87.83 41.92 30.56 100.00 46.00 42.11 87.18 141.53 58.17
Sep-15 63.74 106.63 239.95 119.10 30.58 13.89 57.14 32.07 37.95 62.12 168.86 57.40
Oct-15 62.42 62.89 212.82 106.54 31.02 11.11 44.44 31.40 38.00 38.03 147.34 53.27
Nov-15 42.21 46.48 234.73 99.00 28.82 13.89 30.16 28.43 31.79 30.84 155.17 48.97
Dec-15 39.32 355.45 134.58 94.61 30.73 191.67 22.22 35.36 32.64 276.83 90.88 52.60
Jan-16 19.71 24.61 89.72 40.65 31.02 11.11 25.40 29.94 28.51 18.13 64.70 33.06
Feb-16 38.29 53.69 125.19 65.09 26.59 8.33 31.75 26.38 29.19 31.92 88.85 37.65
Mar-16 51.35 53.69 183.61 90.31 23.50 13.89 46.03 24.91 29.69 34.59 130.11 43.95
Apr-16 26.93 44.74 135.62 60.33 29.34 11.11 44.44 29.89 28.80 28.60 100.16 38.75
May-16 32.78 29.08 135.62 62.60 29.00 19.44 36.51 29.26 29.84 24.46 97.08 38.96
Jun-16 38.52 44.74 109.54 59.87 25.12 11.11 20.63 24.32 28.10 28.60 74.97 34.67
Jul-16 43.13 55.93 119.97 66.76 13.39 5.56 92.06 19.15 20.00 31.75 109.12 33.01
Aug-16 57.19 55.93 136.66 80.37 7.12 22.22 68.25 12.30 18.25 39.75 110.06 32.11
Sep-16 45.37 34.42 137.71 71.49 16.95 13.89 25.40 17.50 23.27 24.56 94.03 33.21
Oct-16 39.40 92.50 116.84 66.70 16.11 5.56 79.37 20.61 21.29 50.76 102.27 34.02
Nov-16 59.22 68.83 157.53 88.86 14.14 8.33 46.03 16.39 24.16 39.79 114.17 37.48
Dec-16 77.49 90.96 157.53 102.11 17.26 2.78 33.33 18.02 30.65 48.63 109.23 42.49
Jan-17 37.99 20.21 141.88 66.90 24.62 11.11 57.14 26.67 27.59 15.84 108.93 38.38
Feb-17 46.45 12.99 109.54 62.04 29.91 11.11 44.44 30.41 33.59 12.09 84.23 39.62
Mar-17 25.83 18.77 141.88 59.23 11.07 13.89 82.54 16.64 14.35 16.43 118.80 29.03
Apr-17 29.28 33.21 106.41 52.23 6.50 0.00 112.70 14.42 11.57 17.27 108.86 25.42
May-17 29.16 27.43 128.32 58.07 19.60 19.44 92.06 25.14 21.73 23.60 114.22 34.73
Jun-17 39.01 20.21 118.93 60.81 14.63 38.89 34.15 16.92 20.05 29.18 85.96 29.70
Jul-17 38.97 28.88 140.20 67.77 17.42 41.67 136.61 27.34 22.21 35.02 138.80 39.11
Aug-17 65.64 30.08 147.44 86.53 20.95 44.44 154.43 31.94 30.89 36.97 150.16 47.83
Sep-17 35.18 51.74 103.12 56.52 19.05 27.78 112.85 26.52 22.64 40.24 106.90 35.25
Oct-17 30.00 17.25 117.59 54.56 23.76 72.22 32.67 26.04 25.15 43.63 84.56 34.34
Nov-17 37.73 20.69 116.68 59.39 25.54 61.11 50.49 28.62 28.25 40.09 90.94 37.57
Dec-17 41.86 14.95 101.31 56.95 16.91 61.11 23.76 18.88 22.45 37.11 71.15 29.96
Jan-18 50.89 25.29 124.69 70.30 24.44 16.67 102.46 30.15 30.32 21.15 116.04 41.84
Feb-18 32.68 22.99 103.26 52.52 13.71 27.78 84.64 19.60 17.92 25.29 96.02 29.18
Mar-18 46.40 12.65 120.79 65.28 22.02 38.89 92.06 27.93 27.44 25.24 109.62 38.80
Apr-18 38.86 18.27 175.34 77.07 18.06 55.56 106.91 26.09 22.69 36.17 148.73 40.93
May-18 58.31 80.09 168.37 92.45 18.75 102.78 102.46 27.92 27.55 90.98 142.73 46.70
Jun-18 33.18 17.65 100.62 51.60 15.49 8.33 56.43 18.39 19.42 13.18 83.43 28.05
Jul-18 28.21 19.01 114.73 52.77 21.98 30.56 98.00 28.08 23.36 24.55 108.22 35.26
Aug-18 63.97 43.44 131.65 82.03 11.26 19.44 63.85 15.56 22.98 31.92 105.29 34.90
Sep-18 58.46 16.29 80.87 61.38 11.66 16.67 50.49 14.79 22.06 16.47 69.06 28.35
Oct-18 19.50 8.15 36.67 23.55 11.98 141.67 74.24 21.00 13.65 72.24 51.29 21.74
Nov-18 28.05 20.36 112.12 52.03 9.29 125.00 41.58 15.56 13.46 70.59 84.69 26.17
Dec-18 38.72 6.79 64.97 43.65 7.63 29.76 47.52 11.41 14.54 17.82 58.18 20.79
Jan-19 18.77 12.22 70.21 33.28 16.77 71.43 34.56 19.93 17.22 40.64 56.34 23.81
Feb-19 21.78 2.72 96.25 41.96 18.16 47.62 45.36 21.21 18.96 24.27 76.46 27.24
Mar-19 21.46 2.22 70.21 34.08 15.62 101.19 38.88 20.21 16.92 49.73 58.02 24.25
Apr-19 26.32 1.97 97.12 44.96 4.48 5.95 43.20 7.49 9.33 3.88 76.15 18.39
May-19 25.41 0.74 118.18 50.46 7.32 53.57 49.68 12.08 11.34 26.10 91.54 23.25
Jun-19 20.03 2.47 58.51 29.79 11.57 11.90 47.19 14.31 13.45 7.00 54.11 18.81
Jul-19 28.86 2.19 76.61 40.55 22.69 23.81 39.74 24.03 24.06 12.57 62.27 28.84
Aug-19 39.06 1.10 149.05 68.01 21.43 0.00 52.16 23.08 25.35 0.57 111.37 36.16
Sep-19 26.33 0.73 43.65 29.19 21.91 47.62 55.23 25.31 22.89 23.24 48.15 26.44
Oct-19 35.90 1.10 46.84 36.10 12.74 62.27 27.61 15.50 17.89 30.46 39.37 21.49
Nov-19 14.55 2.56 32.14 18.67 26.03 26.86 33.75 26.65 23.48 14.22 32.76 24.33
Dec-19 29.30 4.39 29.96 27.34 12.87 7.52 39.89 14.76 16.52 5.89 33.82 18.42
Jan-20 9.85 2.19 34.71 16.47 12.71 15.04 79.77 17.92 12.07 8.36 52.24 17.50
Feb-20 13.91 1.10 29.84 17.47 27.97 22.56 67.50 30.82 24.85 11.40 44.49 26.94
Mar-20 11.52 2.19 31.11 16.45 10.66 1.07 42.19 12.76 10.85 1.66 35.42 13.84
Apr-20 8.89 8.15 34.92 16.45 6.49 3.22 21.09 7.50 7.02 5.78 29.54 10.11
May-20 23.64 18.49 96.51 44.55 8.06 2.15 67.50 12.41 11.52 10.65 85.23 21.77
Jun-20 33.28 20.69 101.59 52.21 13.30 7.52 164.54 24.68 17.74 14.37 126.07 32.70
Jul-20 27.09 10.34 142.22 59.38 22.58 2.15 371.26 48.60 23.58 6.41 231.29 51.74
Aug-20 24.83 6.14 107.30 47.38 10.48 3.22 286.88 31.40 13.67 4.74 177.14 36.05
Sep-20 21.99 3.41 59.68 31.43 17.55 1.07 265.79 36.01 18.54 2.29 139.83 34.68
Oct-20 26.84 3.81 53.97 32.80 20.69 10.74 478.42 55.40 22.06 7.14 219.03 48.82
Nov-20 17.53 3.21 26.03 18.78 41.24 8.60 345.52 63.47 35.97 5.80 150.28 50.46
Dec-20 18.36 4.82 15.24 16.27 16.23 4.30 199.34 29.86 16.71 4.57 86.83 25.91
Jan-21 12.85 2.28 29.84 16.92 17.36 4.30 363.24 43.41 16.36 3.25 159.50 35.70
Feb-21 8.50 1.77 30.48 14.36 12.56 2.87 230.35 28.91 11.66 2.30 108.20 24.68
Mar-21 30.22 9.89 36.19 30.21 19.77 2.87 265.79 38.05 22.10 6.52 125.48 35.77
Apr-21 27.45 3.04 28.57 25.66 20.18 5.73 270.22 38.85 21.80 4.33 122.54 35.01
May-21 66.93 6.08 34.92 52.28 25.31 7.16 70.88 28.20 34.57 6.60 48.90 35.21
Jun-21 43.39 3.04 24.13 34.25 24.32 7.16 75.31 27.66 28.56 5.02 44.03 29.58
Jul-21 32.25 2.54 38.10 31.39 34.06 1.43 53.16 34.45 33.66 2.01 43.95 33.56
Aug-21 27.37 3.46 53.46 32.95 26.49 0.00 163.90 36.14 26.69 1.80 96.41 35.21
Sep-21 24.57 1.84 41.17 27.46 22.24 7.16 110.74 28.52 22.76 4.40 68.23 28.21
Oct-21 21.17 1.84 49.40 27.77 14.76 1.43 65.14 18.18 16.18 1.65 55.52 20.97
Nov-21 28.48 6.91 43.64 31.05 11.99 5.73 65.14 15.85 15.65 6.35 52.00 20.28
Dec-21 38.11 8.89 33.80 34.32 27.22 10.03 56.65 28.91 29.65 9.44 42.69 30.49
Jan-22 13.45 2.22 43.02 21.14 24.70 5.73 104.80 30.21 22.20 3.91 67.05 27.57
Feb-22 13.21 0.24 47.73 22.20 13.64 0.20 67.65 17.33 13.54 0.22 55.47 18.75
Mar-22 18.52 0.58 84.57 36.33 10.29 0.00 40.09 12.24 12.12 0.30 67.27 19.25
Apr-22 11.73 1.02 66.15 26.75 10.52 1.02 170.10 22.43 10.79 1.02 106.57 23.68
May-22 14.27 0.82 43.54 21.69 9.98 1.43 126.67 18.63 10.93 1.12 75.87 19.52
Jun-22 20.59 1.03 66.98 32.49 10.30 0.20 100.22 16.85 12.58 0.63 79.91 21.40
Jul-22 24.31 0.53 156.58 61.02 17.02 1.02 253.34 34.59 18.64 0.77 194.21 42.28
Aug-22 20.62 1.21 86.24 38.17 7.42 0.00 107.74 14.85 10.35 0.63 94.60 21.64
Sep-22 21.17 1.84 49.40 27.77 14.76 1.43 65.14 18.18 16.18 1.65 55.52 20.97
Oct-22 17.04 0.68 25.45 18.09 5.62 0.41 22.55 6.75 8.16 0.55 24.32 10.05
Nov-22 22.59 2.11 74.10 35.92 39.90 0.00 108.57 43.85 36.05 1.10 87.51 41.54
Dec-22 20.89 1.52 66.22 32.49 13.52 0.00 26.06 14.04 15.16 0.79 50.60 19.41
Jan-23 17.84 1.24 55.71 27.50 8.84 0.00 26.06 9.87 10.84 0.65 44.18 15.00
Feb-23 40.33 1.24 53.06 40.68 5.83 0.00 26.06 7.19 13.50 0.65 42.56 16.94
Mar-23 78.26 4.66 74.76 70.86 13.79 0.00 36.48 15.07 28.12 2.42 59.87 31.31
Apr-23 74.20 9.01 94.02 74.36 11.55 0.00 24.32 12.15 25.48 4.68 66.91 30.25
May-23 62.07 3.34 92.88 66.01 7.41 0.00 12.16 7.53 19.56 1.73 61.49 24.55
Jun-23 62.36 7.34 87.08 64.84 7.27 0.00 15.20 7.64 19.52 3.82 59.13 24.29
Jul-23 109.73 7.34 103.33 98.99 10.47 0.00 28.88 11.54 32.54 3.82 74.38 36.99
Aug-23 158.94 16.42 159.06 146.64 9.49 0.00 30.40 10.78 42.72 8.54 109.03 50.32
Sep-23 118.00 9.66 66.18 93.43 8.41 0.00 25.84 9.47 32.78 5.02 50.49 33.91
Oct-23 65.51 5.01 39.48 52.64 6.05 0.00 99.67 13.02 19.27 2.61 62.88 24.55
Nov-23 59.43 4.29 69.66 57.65 6.05 0.00 99.67 13.02 17.92 2.23 81.33 26.01
Dec-23 23.14 0.72 75.47 36.53 1.50 0.00 81.55 7.58 6.31 0.37 77.83 16.01
Jan-24 47.50 3.58 44.84 42.92 0.69 0.00 81.55 6.86 11.10 1.86 59.12 17.36
Feb-24 33.96 4.35 40.36 33.27 0.67 0.00 199.34 15.86 8.07 2.26 102.18 20.93
Mar-24 41.49 2.28 41.48 38.09 0.42 0.00 72.49 5.92 9.55 1.18 53.54 15.28
Apr-24 53.86 8.07 46.94 47.87 0.73 0.00 144.97 11.75 12.54 4.20 85.06 22.26
May-24 40.58 3.93 36.02 36.07 3.29 0.00 122.67 12.32 11.58 2.04 69.72 19.23
Jun-24 33.52 2.28 52.40 36.35 1.13 0.00 200.73 16.37 8.33 1.18 110.08 22.19
Jul-24 45.73 2.90 52.40 43.97 0.96 0.00 66.91 5.98 10.92 1.51 58.04 17.04
Aug-24 31.62 2.28 40.39 31.65 1.65 0.00 245.34 20.25 8.31 1.18 120.09 23.57
Sep-24 31.21 1.86 45.70 32.91 0.10 0.00 211.89 16.31 7.02 0.97 110.33 21.15
Oct-24 58.65 8.28 78.65 60.15 1.87 0.00 279.69 23.08 14.50 4.30 156.83 33.87
Nov-24 31.62 2.51 70.69 40.55 5.08 13.99 95.39 12.29 10.98 8.02 80.30 20.51
Dec-24 31.00 2.43 33.87 29.36 0.00 18.60 76.47 6.46 6.89 10.19 50.44 13.13
Jan-25 19.58 0.46 34.72 22.36 0.68 1.29 0.00 0.65 4.88 0.86 21.22 6.97
Feb-25 17.89 1.82 33.87 21.18 3.56 1.69 237.91 21.44 6.74 1.76 113.22 21.36
Mar-25 23.67 2.82 21.41 21.20 2.89 3.14 134.13 12.95 7.51 2.97 65.25 15.35
Apr-25 28.50 3.59 51.95 33.22 3.37 2.00 135.56 13.45 8.96 2.83 84.47 19.20
May-25 27.70 3.02 25.90 25.04 7.90 7.76 149.44 18.73 12.31 5.29 73.95 20.57
Jun-25 25.34 6.32 39.35 27.80 13.10 10.99 215.39 28.52 15.82 8.56 107.81 28.31
Jul-25 54.23 11.85 56.21 51.14 22.37 12.21 208.64 36.29 29.45 12.02 115.49 40.62
Aug-25 28.74 3.34 81.44 41.98 12.19 8.45 67.97 16.34 15.87 5.80 76.20 23.80
Sep-25 36.26 9.48 30.60 32.28 5.88 5.86 441.83 39.25 12.63 7.74 190.53 37.22
Oct-25 40.66 6.10 52.81 41.23 8.10 4.00 351.45 34.25 15.34 5.09 168.95 36.28
Nov-25 41.00 5.64 77.63 48.67 16.72 25.12 236.69 33.83 22.12 14.99 139.49 38.15
Dec-25 31.13 6.91 63.24 38.45 12.82 8.24 358.99 39.17 16.89 7.55 178.25 38.96
Jan-26 22.66 2.63 18.74 19.78 8.67 7.33 441.83 41.79 11.78 4.89 183.27 35.38
Feb-26 15.45 2.63 3.90 10.95 2.61 3.66 142.67 13.37 5.46 3.13 57.87 12.66
Mar-26 36.94 3.29 21.34 29.45 10.57 6.11 73.64 15.25 16.43 4.64 41.68 19.38
Apr-26 43.44 3.04 30.99 36.29 17.30 10.14 101.96 23.55 23.11 6.45 58.59 27.26
May-26 34.65 2.63 24.20 28.82 15.85 7.33 110.46 22.82 20.03 4.89 57.75 24.56
Jun-26 25.01 2.79 27.00 23.67 9.41 7.76 77.97 14.60 12.87 5.17 46.82 17.24

Series desestacionalizadas - Octubre de 2011 = 100
Mes | NoFin: Deptos Cocheras Lotes Indice | Fin: Deptos Cocheras Lotes Indice | Total: Deptos Cocheras Lotes Indice
Oct-11 100.00 100.00 100.00 100.00 100.00 100.00 100.00 100.00 100.00 100.00 100.00 100.00
Nov-11 107.38 88.75 110.69 106.75 67.24 72.79 249.81 80.26 75.59 82.30 161.31 87.78
Dec-11 97.62 47.11 274.88 148.26 84.90 75.18 58.64 82.81 87.55 58.45 196.20 101.40
Jan-12 86.02 116.66 135.07 104.01 51.41 190.33 361.54 76.63 58.61 146.42 217.48 84.41
Feb-12 99.65 142.71 114.25 108.04 58.97 266.26 272.91 79.04 67.43 192.62 171.98 87.28
Mar-12 117.33 96.69 140.66 122.75 70.69 121.70 374.85 93.38 80.39 106.79 225.88 101.72
Apr-12 85.32 74.00 88.68 85.36 116.46 207.73 205.54 124.94 109.98 128.02 131.20 113.69
May-12 91.36 58.65 116.37 96.22 81.38 151.99 188.29 90.62 83.46 96.35 142.54 92.21
Jun-12 100.64 44.30 64.86 84.48 65.98 199.61 100.36 71.61 73.19 107.04 77.78 75.27
Jul-12 84.95 59.79 71.44 78.50 86.77 245.77 99.63 91.49 86.39 134.92 81.70 87.80
Aug-12 93.15 76.19 67.22 83.57 77.10 314.54 101.73 84.53 80.44 172.47 79.78 84.26
Sep-12 74.51 88.60 73.74 75.53 88.21 331.83 111.06 95.67 85.36 186.86 87.32 89.95
Oct-12 102.99 128.68 82.83 99.01 91.71 213.89 74.60 93.43 94.06 163.10 79.84 95.02
Nov-12 96.43 52.26 126.24 101.76 75.60 168.18 61.95 76.86 79.93 99.09 102.85 83.93
Dec-12 71.68 66.47 92.41 77.67 101.98 131.56 144.16 105.67 95.68 92.76 111.24 97.71
Jan-13 91.34 76.21 82.92 87.37 95.47 355.83 135.58 104.54 94.61 189.17 102.08 99.67
Feb-13 96.04 61.70 95.65 92.86 73.62 364.66 102.58 82.64 78.28 184.08 98.18 85.54
Mar-13 90.82 70.60 98.46 91.40 61.15 320.86 336.80 86.84 67.33 171.69 185.19 88.13
Apr-13 84.50 45.93 66.51 75.46 70.05 354.36 112.88 79.89 73.05 170.52 83.38 78.63
May-13 92.79 90.81 131.70 104.72 60.35 143.99 289.67 78.54 67.10 112.29 189.18 85.98
Jun-13 77.92 70.45 82.55 78.69 44.94 175.26 340.84 68.96 51.81 112.79 176.53 71.72
Jul-13 65.14 90.02 86.87 74.12 44.64 397.91 320.60 72.59 48.90 214.40 171.92 73.03
Aug-13 56.68 219.31 106.37 86.65 45.79 142.53 410.94 73.89 48.06 188.29 217.19 77.51
Sep-13 52.83 104.45 135.94 83.29 62.03 88.49 331.67 81.70 60.12 98.00 207.16 82.15
Oct-13 72.43 89.96 234.34 124.36 55.09 336.11 200.00 72.06 58.70 189.39 221.85 86.91
Nov-13 80.64 133.44 93.31 89.29 44.61 97.89 333.75 66.30 52.11 119.08 180.80 72.83
Dec-13 90.58 69.88 133.35 102.04 37.32 56.38 119.72 43.60 48.40 64.43 128.39 60.20
Jan-14 78.10 80.12 147.11 99.75 43.65 107.58 290.52 62.61 50.82 91.21 199.29 73.16
Feb-14 75.86 250.80 111.60 102.59 38.50 115.76 135.49 47.20 46.27 196.25 120.29 62.93
Mar-14 49.93 56.64 72.67 57.60 33.61 55.32 300.64 52.98 37.01 56.11 155.63 54.30
Apr-14 51.29 86.70 69.67 60.17 30.73 42.77 267.88 47.76 35.01 68.95 141.80 51.28
May-14 56.91 80.56 91.17 69.68 31.56 55.99 345.80 54.33 36.84 70.64 183.82 58.69
Jun-14 43.66 84.04 165.19 85.07 27.21 73.03 454.45 58.47 30.63 79.59 270.44 66.03
Jul-14 40.21 48.50 89.58 56.31 25.56 78.02 302.72 46.39 28.61 60.42 167.14 49.20
Aug-14 34.97 23.38 89.88 51.02 26.78 83.55 178.03 38.82 28.49 47.69 121.96 42.29
Sep-14 61.04 76.62 403.40 168.94 20.93 22.12 311.89 41.50 29.28 54.60 370.10 77.69
Oct-14 62.14 45.77 115.69 77.34 23.24 36.11 226.98 37.94 31.34 41.87 156.18 49.13
Nov-14 48.15 39.93 94.48 61.83 3.87 30.12 89.93 10.57 13.08 35.97 92.83 25.13
Dec-14 50.11 27.19 120.81 70.06 13.09 25.84 200.35 26.61 20.79 26.64 149.75 38.95
Jan-15 103.86 46.76 73.21 89.23 12.55 57.93 71.02 17.77 31.55 51.27 72.41 38.07
Feb-15 75.28 143.00 94.68 87.36 28.48 34.73 87.10 32.77 38.22 99.26 91.92 48.27
Mar-15 64.61 214.12 85.95 84.59 44.85 49.79 38.06 44.49 48.96 147.74 68.53 55.88
Apr-15 45.93 55.77 198.43 94.25 26.14 67.21 45.49 28.49 30.26 60.39 142.78 47.17
May-15 45.06 52.94 230.12 103.34 24.94 36.00 66.99 28.17 29.12 46.10 170.76 49.52
Jun-15 83.87 143.09 294.34 154.63 29.49 19.47 73.85 32.38 40.80 93.16 214.11 67.10
Jul-15 41.83 49.25 145.89 74.87 24.20 39.01 61.31 27.18 27.87 45.12 115.12 40.72
Aug-15 38.05 110.08 122.82 70.85 40.80 54.06 84.33 44.19 40.23 87.45 108.82 51.76
Sep-15 60.73 97.90 211.06 110.82 30.05 18.43 54.77 31.52 36.44 65.80 154.19 54.04
Oct-15 62.42 62.89 212.82 109.25 31.02 11.11 44.44 31.49 37.56 41.97 151.55 53.58
Nov-15 46.87 45.97 212.58 98.34 20.80 12.55 37.97 21.82 26.23 32.47 149.04 43.55
Dec-15 39.36 276.13 155.84 96.72 34.61 162.10 34.21 37.64 35.60 230.07 111.58 54.42
Jan-16 28.85 43.84 118.79 58.17 34.05 16.55 34.43 33.65 32.96 32.81 88.09 40.62
Feb-16 53.07 87.75 164.65 90.88 27.88 17.36 38.71 28.39 33.12 59.32 118.83 46.14
Mar-16 59.14 62.75 213.07 107.35 26.84 27.66 55.18 28.86 33.56 48.58 155.62 51.15
Apr-16 35.15 48.03 141.74 69.46 38.35 24.44 47.17 38.64 37.68 38.50 107.33 47.39
May-16 33.00 25.59 121.12 59.75 27.14 28.00 41.64 28.18 28.36 26.57 92.20 37.15
Jun-16 39.81 41.08 106.57 60.70 27.12 19.47 24.62 26.76 29.76 32.35 76.75 36.40
Jul-16 41.67 55.97 96.42 59.98 10.55 7.80 74.08 14.97 17.02 36.51 88.29 27.75
Aug-16 50.88 44.15 99.94 65.54 6.93 39.32 57.56 11.28 16.07 42.20 84.52 26.69
Sep-16 43.23 31.60 121.13 66.43 16.66 18.43 24.34 17.25 22.19 26.28 85.91 31.22
Oct-16 39.40 92.50 116.84 68.23 16.11 5.56 79.37 20.32 20.96 57.37 103.21 33.93
Nov-16 65.76 68.07 142.66 89.89 10.21 7.53 57.96 13.51 21.77 43.61 111.84 35.21
Dec-16 77.56 70.66 182.42 109.57 19.44 2.35 51.31 21.28 31.53 43.07 134.71 46.36
Jan-17 55.60 36.01 187.85 94.99 27.02 16.55 77.47 30.33 32.97 28.15 147.69 48.70
Feb-17 64.38 21.24 144.07 85.32 31.37 23.15 54.19 32.78 38.24 22.01 111.37 47.71
Mar-17 29.75 21.94 164.65 71.02 12.65 27.66 98.95 19.10 16.21 24.25 140.74 33.85
Apr-17 38.21 35.65 111.21 60.70 8.50 0.00 119.62 16.14 14.68 21.25 114.27 28.79
May-17 29.36 24.14 114.60 55.41 18.34 28.00 105.01 24.69 20.63 25.70 111.11 33.41
Jun-17 40.32 18.56 115.71 61.83 15.79 68.16 40.74 18.81 20.90 38.59 88.43 31.03
Jul-17 37.65 28.90 112.68 60.21 13.72 58.52 109.93 21.59 18.70 40.86 111.68 32.56
Aug-17 58.40 23.75 107.82 70.68 20.39 78.64 130.23 29.54 28.30 45.92 115.97 41.22
Sep-17 33.52 47.50 90.70 52.56 18.72 36.87 108.17 25.47 21.80 43.20 97.06 33.17
Oct-17 30.00 17.25 117.59 56.11 23.76 72.22 32.67 25.56 25.06 39.45 86.69 34.23
Nov-17 41.89 20.46 105.67 59.82 18.44 55.22 63.57 22.50 23.32 34.51 90.35 33.10
Dec-17 41.90 11.61 117.32 62.66 19.04 51.68 36.57 21.06 23.80 27.80 87.93 32.87
Jan-18 74.47 45.06 165.08 100.04 26.82 24.83 138.91 34.68 36.73 36.88 155.56 53.24
Feb-18 45.29 37.58 135.81 72.76 14.37 57.88 103.21 21.69 20.81 45.78 123.94 36.19
Mar-18 53.44 14.78 140.17 76.97 25.15 77.45 110.36 32.42 31.03 40.10 129.32 45.07
Apr-18 50.71 19.61 183.25 89.17 23.61 122.19 113.48 32.32 29.25 61.05 157.86 48.47
May-18 58.71 70.49 150.36 88.27 17.55 147.99 116.86 27.69 26.11 101.80 138.17 44.89
Jun-18 34.29 16.20 97.89 52.46 16.71 14.61 67.31 20.24 20.37 15.56 86.77 29.39
Jul-18 27.25 19.02 92.21 46.72 17.31 42.91 78.86 22.27 19.38 28.67 87.35 29.22
Aug-18 56.91 34.29 96.27 67.14 10.96 34.40 53.85 14.55 20.52 34.34 80.83 29.49
Sep-18 55.70 14.96 71.14 56.87 11.46 22.12 48.39 14.32 20.66 17.85 62.86 26.40
Oct-18 19.50 8.15 36.67 23.83 11.98 141.67 74.24 19.49 13.55 62.08 50.35 20.72
Nov-18 31.15 20.14 101.54 52.07 6.71 112.96 52.35 12.48 11.79 57.63 83.64 23.72
Dec-18 38.75 5.27 75.23 47.12 8.59 25.17 73.14 13.54 14.87 13.31 74.47 23.08
Jan-19 27.47 21.76 92.95 47.33 18.41 106.39 46.85 22.52 20.29 55.95 76.18 29.57
Feb-19 30.19 4.44 126.59 57.89 19.04 99.23 55.31 23.52 21.36 42.73 100.65 33.28
Mar-19 24.71 2.60 81.47 40.40 17.84 201.52 46.60 24.28 19.27 82.96 68.78 28.86
Apr-19 34.35 2.12 101.50 52.36 5.85 13.09 45.85 8.85 11.78 6.55 81.25 21.21
May-19 25.58 0.65 105.54 48.23 6.85 77.14 56.66 12.05 10.75 31.55 87.75 22.33
Jun-19 20.70 2.27 56.92 30.33 12.49 20.86 56.30 15.78 14.20 9.78 56.69 19.91
Jul-19 27.88 2.20 61.58 36.07 17.87 33.44 31.98 19.24 19.96 14.82 50.81 24.02
Aug-19 34.75 0.87 108.99 54.83 20.85 0.00 43.99 21.99 23.75 0.52 85.34 31.31
Sep-19 25.08 0.67 38.39 27.05 21.53 63.21 52.94 24.75 22.27 25.93 43.69 25.40
Oct-19 35.90 1.10 46.84 36.20 12.74 62.27 27.61 14.97 17.56 25.81 39.85 21.00
Nov-19 16.16 2.53 29.10 18.97 18.79 24.27 42.49 20.60 18.25 11.31 33.98 20.14
Dec-19 29.33 3.41 34.69 28.69 14.49 6.36 61.40 17.61 17.58 4.60 44.41 20.76
Jan-20 14.41 3.91 45.96 23.29 13.95 22.41 108.16 20.80 14.05 11.38 68.59 21.51
Feb-20 19.28 1.79 39.25 23.93 29.33 47.02 82.31 33.50 27.24 20.06 54.92 30.78
Mar-20 13.26 2.56 36.10 19.41 12.18 2.14 50.57 14.65 12.40 2.39 41.37 16.00
Apr-20 11.60 8.75 36.50 19.09 8.48 7.09 22.39 9.43 9.13 8.08 31.36 12.17
May-20 23.81 16.27 86.19 42.54 7.54 3.09 76.99 12.33 10.92 10.95 82.84 20.91
Jun-20 34.40 18.99 98.83 53.07 14.35 13.18 196.28 27.17 18.52 16.65 134.29 34.52
Jul-20 26.17 10.35 114.31 52.18 17.78 3.02 298.75 37.26 19.53 7.39 181.42 41.50
Aug-20 22.09 4.85 78.47 38.09 10.19 5.70 241.93 26.45 12.67 5.19 137.95 29.75
Sep-20 20.95 3.13 52.50 29.17 17.25 1.43 254.76 33.64 18.02 2.44 126.10 32.37
Oct-20 26.84 3.81 53.97 33.23 20.69 10.74 478.42 52.76 21.97 6.61 208.41 47.21
Nov-20 19.47 3.18 23.58 19.29 29.77 7.77 435.04 57.85 27.63 5.03 173.30 46.90
Dec-20 18.38 3.74 17.65 16.84 18.28 3.63 306.84 38.30 18.30 3.70 122.88 32.21
Jan-21 18.81 4.06 39.51 23.94 19.05 6.40 492.47 52.17 19.00 5.01 204.33 44.15
Feb-21 11.78 2.90 40.08 19.79 13.17 5.97 280.88 31.90 12.88 4.14 127.71 28.46
Mar-21 34.81 11.56 42.00 34.97 22.58 5.71 318.62 43.07 25.12 9.19 142.65 40.77
Apr-21 35.82 3.27 29.86 31.06 26.38 12.60 286.81 44.44 28.35 7.04 123.36 40.64
May-21 67.40 5.35 31.19 50.60 23.68 10.31 80.84 27.40 32.78 7.36 49.25 33.99
Jun-21 44.85 2.79 23.47 34.45 26.25 12.55 89.84 30.41 30.12 6.74 47.62 31.56
Jul-21 31.16 2.54 30.62 28.44 26.83 2.01 42.78 27.36 27.73 2.32 35.04 27.66
Aug-21 24.35 2.73 39.09 27.01 25.78 0.00 138.22 33.10 25.48 1.63 75.16 31.37
Sep-21 23.40 1.69 36.21 25.45 21.86 9.51 106.15 27.51 22.18 4.85 61.66 26.93
Oct-21 21.17 1.84 49.40 28.23 14.76 1.43 65.14 18.00 16.09 1.68 55.13 20.90
Nov-21 31.62 6.84 39.52 31.87 8.65 5.18 82.02 13.75 13.43 6.17 54.98 18.90
Dec-21 38.15 6.91 39.15 35.67 30.66 8.48 87.20 34.12 32.22 7.54 56.63 34.56
Jan-22 19.68 3.96 56.96 29.87 27.11 8.54 142.08 34.78 25.56 5.81 87.93 33.39
Feb-22 18.31 0.40 62.77 30.54 14.30 0.43 82.49 18.78 15.13 0.41 69.95 22.12
Mar-22 21.34 0.68 98.14 43.39 11.75 0.00 48.06 14.03 13.75 0.41 79.91 22.37
Apr-22 15.31 1.09 69.13 30.79 13.75 2.25 180.54 25.25 14.08 1.56 109.67 26.82
May-22 14.37 0.73 38.88 20.78 9.33 2.06 144.48 18.70 10.38 1.27 77.31 19.29
Jun-22 21.28 0.95 65.17 33.12 11.11 0.36 119.56 18.51 13.23 0.71 84.96 22.66
Jul-22 23.49 0.53 125.84 53.28 13.41 1.44 203.86 26.57 15.51 0.90 154.23 34.15
Aug-22 18.34 0.96 63.07 30.71 7.22 0.00 90.86 12.95 9.53 0.57 73.18 17.99
Sep-22 20.17 1.69 43.45 25.76 14.51 1.90 62.44 17.59 15.68 1.78 50.36 19.91
Oct-22 17.04 0.68 25.45 18.19 5.62 0.41 22.55 6.69 8.00 0.57 24.39 9.96
Nov-22 25.09 2.08 67.11 36.11 28.81 0.00 136.70 35.73 28.03 1.24 92.43 35.84
Dec-22 20.91 1.18 76.68 36.50 15.23 0.00 40.11 16.62 16.41 0.70 63.37 22.27
Jan-23 26.11 2.21 73.76 38.80 9.71 0.00 35.33 11.28 13.12 1.32 59.77 19.10
Feb-23 55.90 2.03 69.78 55.42 6.12 0.00 31.77 7.78 16.48 1.21 55.95 21.31
Mar-23 90.13 5.45 86.75 81.53 15.74 0.00 43.73 17.34 31.22 3.25 71.10 35.57
Apr-23 96.84 9.67 98.26 89.50 15.10 0.00 25.81 15.49 32.10 5.76 71.90 36.51
May-23 62.50 2.94 82.95 63.55 6.93 0.00 13.87 7.26 18.49 1.75 57.81 23.24
Jun-23 64.44 6.74 84.72 65.60 7.85 0.00 18.13 8.38 19.62 4.02 60.49 24.64
Jul-23 106.00 7.34 83.05 90.06 8.25 0.00 23.24 9.11 28.59 4.38 61.29 32.10
Aug-23 141.41 12.97 116.32 122.14 9.24 0.00 25.64 10.17 36.74 7.73 83.32 41.97
Sep-23 112.42 8.87 58.21 86.32 8.27 0.00 24.77 9.24 29.94 5.29 46.04 31.13
Oct-23 65.51 5.01 39.48 52.02 6.05 0.00 99.67 12.52 18.42 2.99 61.38 23.74
Nov-23 65.99 4.25 63.09 59.58 4.37 0.00 125.49 12.82 17.19 2.53 85.80 26.10
Dec-23 23.16 0.56 87.39 41.13 1.69 0.00 125.53 10.39 6.16 0.33 101.27 19.12
Jan-24 69.52 6.37 59.37 60.73 0.76 0.00 110.56 8.49 15.07 3.80 78.00 23.33
Feb-24 47.07 7.10 53.08 45.38 0.70 0.00 243.07 17.80 10.35 4.23 122.21 25.63
Mar-24 47.79 2.66 48.13 43.87 0.48 0.00 86.90 6.56 10.32 1.59 62.24 17.16
Apr-24 70.29 8.66 49.05 58.19 0.95 0.00 153.88 11.72 15.38 5.16 87.20 24.92
May-24 40.86 3.46 32.17 34.82 3.07 0.00 139.92 12.66 10.94 2.06 71.38 18.95
Jun-24 34.64 2.09 50.98 36.82 1.22 0.00 239.46 18.01 8.17 1.25 119.56 23.35
Jul-24 44.18 2.90 42.11 39.85 0.76 0.00 53.84 4.49 9.79 1.73 46.38 14.53
Aug-24 28.13 1.80 29.53 26.22 1.60 0.00 206.90 16.06 7.12 1.07 94.07 18.94
Sep-24 29.73 1.71 40.20 30.49 0.10 0.00 203.09 14.43 6.27 1.02 99.47 18.99
Oct-24 58.65 8.28 78.65 60.38 1.87 0.00 279.69 21.44 13.69 4.93 151.80 32.50
Nov-24 35.11 2.49 64.02 41.19 3.67 12.64 120.11 12.10 10.21 6.59 84.43 20.36
Dec-24 31.02 1.89 39.22 30.98 0.00 15.73 117.71 8.69 6.45 7.48 67.78 15.02
Jan-25 28.65 0.83 45.97 31.56 0.75 1.93 0.00 0.72 6.55 1.27 29.24 9.48
Feb-25 24.80 2.98 44.55 29.00 3.73 3.52 290.10 23.94 8.11 3.20 133.90 25.38
Mar-25 27.26 3.30 24.85 24.37 3.30 6.25 160.79 14.49 8.29 4.49 74.31 17.30
Apr-25 37.19 3.85 54.30 39.54 4.41 4.39 143.89 14.25 11.23 4.07 86.90 21.43
May-25 27.89 2.66 23.13 24.16 7.40 11.17 170.45 19.00 11.66 6.10 76.74 20.46
Jun-25 26.18 5.80 38.28 28.13 14.14 19.26 256.95 31.40 16.64 11.24 117.85 30.47
Jul-25 52.39 11.86 45.18 46.53 17.62 17.15 167.89 28.22 24.85 13.99 89.83 33.42
Aug-25 25.57 2.64 59.55 34.09 11.86 14.96 57.32 15.14 14.71 7.61 58.74 20.53
Sep-25 34.55 8.70 26.92 29.87 5.77 7.78 423.49 35.31 11.76 8.33 171.22 33.77
Oct-25 40.66 6.10 52.81 41.36 8.10 4.00 351.45 32.24 14.88 5.25 161.48 34.83
Nov-25 45.53 5.58 70.30 49.67 12.07 22.70 298.01 32.51 19.03 12.49 153.16 37.38
Dec-25 31.16 5.37 73.23 41.95 14.44 6.97 552.58 52.25 17.92 6.02 247.66 49.32
Jan-26 33.17 4.69 24.81 28.03 9.51 10.91 599.02 51.16 14.44 7.20 233.75 44.59
Feb-26 21.41 4.30 5.13 14.82 2.74 7.63 173.97 14.94 6.62 5.65 66.57 14.91
Mar-26 42.54 3.85 24.76 33.56 12.07 12.16 88.28 17.45 18.41 7.20 47.87 22.03
Apr-26 56.69 3.26 32.39 44.36 22.61 22.31 108.22 28.65 29.70 10.96 59.98 33.11
May-26 34.89 2.32 21.61 27.85 14.83 10.55 125.99 22.58 19.01 5.64 59.59 24.08
Jun-26 25.85 2.56 26.27 23.90 10.15 13.60 93.01 16.08 13.42 7.02 50.56 18.30

Notas metodologicas
1.- Los indices reflejan ventas efectivamente realizadas en cada mes calendario, esten
escrituradas o no, lo que permite medir en tiempo real la evolucion de las ventas de los
desarrollistas cordobeses, sin los rezagos de los indices basados en escrituras.
2.- La informacion la reportan las empresas socias de CEDUC por formulario electronico, con
triangulacion de correos que garantiza la confidencialidad de cada dato individual.
3.- Los indices se calculan en unidades homogeneas. Para departamentos, casas y cocheras la
unidad es la cantidad de metros cuadrados promedio por tipologia. Para lotes, el valor promedio
expresado en su equivalente en metros cuadrados de construccion.
4.- El calculo ajusta por la diferencia en la cantidad de respondientes entre mediciones.
5.- Las series desestacionalizadas se obtuvieron con X-11 ARIMA multiplicativo.
